Run, 44 File #, Date, Time, Raw REF, Raw C1, Raw C2, Raw C3, Corrected REF, Corrected C1, Corrected C2, Corrected C3, 44 Ref Sig (Coulombs), 45 Ref Sig (Coulombs), 44 C1 Sig (Coulombs), 45 C1 Sig (Coulombs), 44 C2 Sig (Coulombs), 45 C2 Sig (Coulombs), 44 C3 Sig (Coulombs), 45 C3 Sig (Coulombs), 44 REF Height (mV), 45 REF Height (mV), 44 C1 Height (mV), 45 C1 Height (mV), 44 C2 Height (mV), 45 C2 Height (mV), 44 C3 Height (mV), 45 C3 Height (mV), REF 44 Start Time (Min), REF 44 End Time (Min), REF 45 Start Time (Min), REF 45 End Time (Min), C1 44 Start Time (Min), C1 44 End Time (Min), C1 45 Start Time (Min), C1 45 End Time (Min), C2 44 Start Time (Min), C2 44 End Time (Min), C2 45 Start Time (Min), C2 45 End Time (Min), C3 44 Start Time (Min), C3 44 End Time (Min), C3 45 Start Time (Min), C3 45 End Time (Min), REF 44 Time STD (Sec), C1 44 Time STD (Sec), C2 44 Time STD (Sec), C3 44 Time STD (Sec),REF 44 Noise STD (mV), REF 45 Noise STD (mV), Baseline 44 Noise STD (mV), Baseline 45 Noise (mV), Temperature(mV)
1, 9493,  9-26-2015, 20:33:45, -39.88, -59.07, -44.63, -48.12, -39.88, -59.07, -44.63, -48.12, 2.14706e-08, 2.31648e-10, 1.76119e-08, 1.86218e-10, 1.80025e-08, 1.93269e-10, 2.37224e-08, 2.53746e-10, 118.931, 139.385, 86.8391, 94.2954, 115.931, 121.066, 180.415, 186.094, 0.073, 0.493, 0.073, 0.493, 0.913, 1.993, 0.900, 2.007, 3.340, 4.227, 3.333, 4.240, 5.773, 6.580, 5.767, 6.593, 7.20, 8.09, 6.20, 5.25, 0.001785, 0.138818, 0.003419, 0.110451, 0.0000 
2, 9494,  9-26-2015, 20:48:47, -39.87, -58.54, -44.70, -47.95, -39.88, -58.55, -44.71, -47.96, 2.16171e-08, 2.3323e-10, 1.75856e-08, 1.86045e-10, 1.80175e-08, 1.93416e-10, 2.35761e-08, 2.52224e-10, 119.112, 139.434, 86.5068, 93.9274, 113.01, 120.058, 174.249, 183.628, 0.067, 0.493, 0.067, 0.493, 0.907, 1.987, 0.900, 2.007, 3.340, 4.227, 3.333, 4.240, 5.767, 6.573, 5.767, 6.587, 7.24, 8.11, 6.36, 5.40, 0.007890, 0.016023, 0.003961, 0.101438, 0.0000 
3, 9495,  9-26-2015, 21: 3:49, -39.84, -58.74, -43.97, -47.77, -39.88, -58.78, -44.01, -47.81, 2.16125e-08, 2.33189e-10, 1.7582e-08, 1.85967e-10, 1.8031e-08, 1.93709e-10, 2.37596e-08, 2.54237e-10, 118.859, 139.18, 87.6359, 94.8131, 115.437, 121.503, 172.175, 182.927, 0.073, 0.493, 0.073, 0.493, 0.913, 1.987, 0.907, 2.007, 3.340, 4.220, 3.333, 4.240, 5.767, 6.580, 5.767, 6.600, 7.25, 8.00, 6.23, 5.51, 0.002958, 0.037427, 0.004387, 0.018371, 0.0000 
4, 9496,  9-26-2015, 21:18:52, -39.76, -58.76, -44.44, -47.82, -39.88, -58.88, -44.56, -47.93, 2.16638e-08, 2.3376e-10, 1.7545e-08, 1.85571e-10, 1.8084e-08, 1.94182e-10, 2.3715e-08, 2.53748e-10, 119.43, 139.855, 85.9151, 93.3663, 114.537, 122.113, 176.584, 185.533, 0.067, 0.487, 0.067, 0.487, 0.900, 1.980, 0.887, 2.000, 3.340, 4.220, 3.333, 4.233, 5.767, 6.573, 5.767, 6.593, 7.24, 8.15, 6.30, 5.36, 0.003832, 0.042169, 0.005356, 0.062998, 0.0000 
5, 9497,  9-26-2015, 21:33:54, -39.90, -58.96, -44.54, -47.97, -39.88, -58.94, -44.51, -47.94, 2.15847e-08, 2.32873e-10, 1.75378e-08, 1.85456e-10, 1.80405e-08, 1.93696e-10, 2.37714e-08, 2.5431e-10, 118.969, 139.256, 87.174, 94.4311, 116.2, 121.876, 175.292, 185.552, 0.067, 0.493, 0.067, 0.493, 0.927, 2.000, 0.913, 2.013, 3.340, 4.227, 3.340, 4.240, 5.767, 6.580, 5.767, 6.593, 7.24, 8.03, 6.19, 5.41, 0.008105, 0.047429, 0.006062, 0.059628, 0.0000 
6, 9498,  9-26-2015, 21:48:56, -39.70, -58.52, -44.30, -48.24, -39.88, -58.70, -44.48, -48.42, 2.16153e-08, 2.33252e-10, 1.75039e-08, 1.85185e-10, 1.80527e-08, 1.93876e-10, 2.3792e-08, 2.5446e-10, 118.968, 139.354, 86.6412, 93.7815, 115.183, 120.488, 179.536, 186.74, 0.073, 0.493, 0.073, 0.493, 0.920, 1.993, 0.907, 2.013, 3.340, 4.220, 3.333, 4.233, 5.767, 6.573, 5.767, 6.587, 7.25, 8.06, 6.25, 5.29, 0.007089, 0.111129, 0.005723, 0.101858, 0.0000 
7, 9499,  9-26-2015, 22: 3:58, -39.81, -59.37, -44.13, -48.06, -39.88, -59.44, -44.20, -48.13, 2.16294e-08, 2.33379e-10, 1.74393e-08, 1.84334e-10, 1.80679e-08, 1.94073e-10, 2.37642e-08, 2.54209e-10, 118.933, 139.272, 86.8805, 94.0718, 117.529, 122.624, 176.983, 184.849, 0.067, 0.493, 0.067, 0.487, 0.913, 1.993, 0.907, 2.007, 3.340, 4.220, 3.333, 4.240, 5.767, 6.580, 5.767, 6.593, 7.26, 8.01, 6.13, 5.36, 0.004437, 0.132187, 0.006344, 0.047450, 0.0000 
8, 9500,  9-26-2015, 22:19: 0, -39.75, -58.90, -44.35, -48.00, -39.88, -59.03, -44.48, -48.13, 2.16794e-08, 2.33932e-10, 1.74744e-08, 1.84798e-10, 1.80957e-08, 1.94326e-10, 2.37867e-08, 2.54467e-10, 119.366, 139.758, 86.7096, 93.8521, 116.791, 122.653, 176.895, 185.939, 0.067, 0.493, 0.067, 0.493, 0.913, 1.993, 0.907, 2.013, 3.340, 4.220, 3.333, 4.233, 5.767, 6.573, 5.760, 6.587, 7.25, 8.04, 6.18, 5.36, 0.005196, 0.033414, 0.003500, 0.070374, 0.0000 
9, 9501,  9-26-2015, 22:34: 2, -39.83, -59.26, -44.60, -48.12, -39.88, -59.31, -44.64, -48.17, 2.1668e-08, 2.33788e-10, 1.75151e-08, 1.85157e-10, 1.81177e-08, 1.94512e-10, 2.38203e-08, 2.54793e-10, 119.33, 139.741, 86.2151, 93.6639, 115.57, 122.359, 177.109, 184.992, 0.067, 0.487, 0.067, 0.487, 0.913, 1.993, 0.907, 2.007, 3.333, 4.220, 3.333, 4.233, 5.767, 6.573, 5.760, 6.587, 7.24, 8.10, 6.25, 5.37, 0.006942, 0.057987, 0.005673, 0.071641, 0.0000 
10, 9502,  9-26-2015, 22:49: 5, -39.76, -59.15, -44.38, -48.39, -39.88, -59.26, -44.50, -48.51, 2.15111e-08, 2.32112e-10, 1.75145e-08, 1.85173e-10, 1.81124e-08, 1.94499e-10, 2.37887e-08, 2.54382e-10, 119.27, 139.676, 86.2219, 93.6539, 115.287, 121.789, 178.985, 186.757, 0.067, 0.487, 0.067, 0.487, 0.907, 1.993, 0.900, 2.007, 3.333, 4.220, 3.333, 4.233, 5.767, 6.573, 5.767, 6.587, 7.20, 8.10, 6.27, 5.30, 0.007906, 0.199922, 0.006042, 0.010075, 0.0000 
11, 9503,  9-26-2015, 23: 4: 7, -39.73, -58.49, -44.60, -47.76, -39.88, -58.64, -44.75, -47.91, 2.1614e-08, 2.33231e-10, 1.74443e-08, 1.8456e-10, 1.80713e-08, 1.94015e-10, 2.37576e-08, 2.54218e-10, 119.184, 139.66, 86.7441, 93.9088, 114.012, 121.225, 175.825, 186.224, 0.073, 0.493, 0.067, 0.493, 0.933, 2.007, 0.927, 2.027, 3.340, 4.227, 3.333, 4.233, 5.767, 6.573, 5.767, 6.593, 7.23, 8.02, 6.32, 5.39, 0.004301, 0.074852, 0.002550, 0.031365, 0.0000 
12, 9504,  9-26-2015, 23:19: 9, -39.68, -57.90, -44.79, -48.21, -39.88, -58.10, -44.99, -48.41, 2.14396e-08, 2.31361e-10, 1.74762e-08, 1.85013e-10, 1.80966e-08, 1.94247e-10, 2.38319e-08, 2.54892e-10, 118.971, 139.33, 86.5055, 93.8971, 116.839, 122.353, 172.73, 185.091, 0.067, 0.493, 0.067, 0.493, 0.927, 2.000, 0.913, 2.020, 3.340, 4.227, 3.333, 4.233, 5.767, 6.573, 5.760, 6.587, 7.19, 8.06, 6.18, 5.50, 0.006103, 0.010416, 0.005408, 0.100526, 0.0000 
13, 9505,  9-26-2015, 23:34:12, -39.62, -59.54, -44.23, -47.79, -39.88, -59.80, -44.49, -48.05, 2.16081e-08, 2.33194e-10, 1.75007e-08, 1.8495e-10, 1.81209e-08, 1.94622e-10, 2.38197e-08, 2.54874e-10, 119.001, 139.352, 85.7932, 93.3744, 115.74, 122.589, 176.123, 184.301, 0.067, 0.493, 0.067, 0.493, 0.913, 1.993, 0.907, 2.007, 3.333, 4.220, 3.333, 4.233, 5.767, 6.573, 5.760, 6.587, 7.24, 8.14, 6.25, 5.40, 0.005408, 0.126560, 0.009257, 0.054475, 0.0000 
14, 9506,  9-26-2015, 23:49:14, -39.49, -58.51, -44.33, -48.23, -39.88, -58.90, -44.72, -48.62, 2.15349e-08, 2.32436e-10, 1.74563e-08, 1.84683e-10, 1.8082e-08, 1.94185e-10, 2.38354e-08, 2.54925e-10, 118.591, 138.955, 86.406, 93.7668, 115.485, 121.216, 174.08, 184.423, 0.067, 0.493, 0.067, 0.493, 0.920, 2.000, 0.907, 2.013, 3.333, 4.227, 3.333, 4.240, 5.767, 6.573, 5.760, 6.587, 7.24, 8.06, 6.25, 5.46, 0.002550, 0.081380, 0.008288, 0.005315, 0.0000 
15, 9507,  9-27-2015,  0: 4:16, -39.51, -59.17, -43.98, -48.03, -39.88, -59.54, -44.36, -48.40, 2.15187e-08, 2.32256e-10, 1.74373e-08, 1.84353e-10, 1.80564e-08, 1.93978e-10, 2.36507e-08, 2.53004e-10, 118.515, 138.789, 87.0374, 93.9333, 115.697, 120.824, 176.512, 186.107, 0.067, 0.487, 0.067, 0.487, 0.933, 2.007, 0.927, 2.020, 3.333, 4.220, 3.333, 4.233, 5.767, 6.573, 5.760, 6.587, 7.24, 7.99, 6.23, 5.35, 0.001090, 0.163672, 0.004301, 0.013620, 0.0000 
16, 9508,  9-27-2015,  0:19:18, -39.48, -59.06, -44.57, -47.70, -39.88, -59.46, -44.97, -48.10, 2.15426e-08, 2.32521e-10, 1.73934e-08, 1.8391e-10, 1.80601e-08, 1.939e-10, 2.38125e-08, 2.54823e-10, 118.768, 139.08, 86.2272, 93.4844, 113.809, 121.175, 174.635, 185.908, 0.067, 0.493, 0.067, 0.493, 0.920, 2.000, 0.913, 2.013, 3.340, 4.220, 3.333, 4.233, 5.760, 6.573, 5.760, 6.593, 7.24, 8.05, 6.33, 5.44, 0.004603, 0.099967, 0.007395, 0.031690, 0.0000 
17, 9509,  9-27-2015,  0:34:20, -39.73, -58.33, -44.20, -47.74, -39.88, -58.47, -44.35, -47.88, 2.15368e-08, 2.32397e-10, 1.73899e-08, 1.84016e-10, 1.80733e-08, 1.94117e-10, 2.38035e-08, 2.54716e-10, 118.616, 138.954, 86.0706, 93.4114, 115.119, 121.098, 175.643, 185.077, 0.073, 0.500, 0.073, 0.500, 0.920, 1.993, 0.913, 2.013, 3.340, 4.227, 3.333, 4.240, 5.773, 6.580, 5.767, 6.600, 7.24, 8.06, 6.26, 5.41, 0.004380, 0.017022, 0.009601, 0.011057, 0.0000 
18, 9510,  9-27-2015,  0:49:23, -39.39, -58.47, -44.41, -47.58, -39.88, -58.96, -44.90, -48.07, 2.14899e-08, 2.31973e-10, 1.74845e-08, 1.84989e-10, 1.81226e-08, 1.94602e-10, 2.37731e-08, 2.54431e-10, 118.796, 139.227, 86.1812, 93.5825, 115.763, 121.462, 173.889, 185.733, 0.073, 0.493, 0.073, 0.493, 0.907, 1.987, 0.900, 2.007, 3.340, 4.227, 3.333, 4.240, 5.767, 6.573, 5.767, 6.593, 7.22, 8.09, 6.25, 5.45, 0.001803, 0.102647, 0.002165, 0.105804, 0.0000 
19, 9511,  9-27-2015,  1: 4:26, -39.51, -57.89, -44.30, -47.36, -39.88, -58.25, -44.67, -47.72, 2.14398e-08, 2.31404e-10, 1.74739e-08, 1.84991e-10, 1.81311e-08, 1.94716e-10, 2.38088e-08, 2.54875e-10, 118.846, 139.296, 86.5155, 93.8812, 114.432, 120.94, 177.485, 186.023, 0.073, 0.493, 0.073, 0.493, 0.913, 1.993, 0.907, 2.013, 3.340, 4.227, 3.333, 4.240, 5.767, 6.573, 5.767, 6.593, 7.20, 8.06, 6.32, 5.35, 0.004206, 0.084999, 0.007228, 0.033324, 0.0000 
20, 9512,  9-27-2015,  1:19:29, -39.61, -58.53, -43.98, -48.09, -39.88, -58.81, -44.26, -48.37, 2.16352e-08, 2.3349e-10, 1.73705e-08, 1.8377e-10, 1.81575e-08, 1.95065e-10, 2.38215e-08, 2.54813e-10, 119.14, 139.537, 85.6514, 93.0346, 115.088, 121.539, 174.092, 184.701, 0.067, 0.487, 0.067, 0.487, 0.907, 1.987, 0.893, 2.000, 3.340, 4.220, 3.333, 4.233, 5.760, 6.573, 5.760, 6.587, 7.24, 8.09, 6.29, 5.46, 0.006978, 0.019487, 0.007013, 0.040896, 0.0000 
21, 9513,  9-27-2015,  1:34:31, -39.46, -58.83, -44.24, -47.54, -39.88, -59.24, -44.66, -47.96, 2.16664e-08, 2.33862e-10, 1.73472e-08, 1.83467e-10, 1.80858e-08, 1.94242e-10, 2.37935e-08, 2.5466e-10, 119.42, 139.853, 86.6457, 93.801, 114.025, 121.151, 174.268, 185.238, 0.067, 0.493, 0.067, 0.493, 0.927, 2.000, 0.920, 2.013, 3.340, 4.220, 3.333, 4.233, 5.760, 6.573, 5.760, 6.593, 7.24, 7.99, 6.33, 5.45, 0.005874, 0.194545, 0.004265, 0.129215, 0.0000 
22, 9514,  9-27-2015,  1:49:33, -39.50, -59.09, -43.82, -47.77, -39.88, -59.46, -44.20, -48.15, 2.15773e-08, 2.3289e-10, 1.7439e-08, 1.84387e-10, 1.80727e-08, 1.94187e-10, 2.38365e-08, 2.5506e-10, 118.848, 139.193, 86.8612, 94.1259, 116.314, 121.912, 177.277, 186.339, 0.067, 0.493, 0.067, 0.493, 0.927, 2.007, 0.920, 2.020, 3.340, 4.220, 3.333, 4.240, 5.767, 6.573, 5.760, 6.587, 7.24, 8.01, 6.20, 5.36, 0.003345, 0.159888, 0.004918, 0.026561, 0.0000 
23, 9515,  9-27-2015,  2: 4:35, -39.49, -58.85, -44.02, -47.69, -39.88, -59.24, -44.41, -48.08, 2.16192e-08, 2.33345e-10, 1.73914e-08, 1.83929e-10, 1.80975e-08, 1.94413e-10, 2.37976e-08, 2.54665e-10, 119.074, 139.508, 86.5577, 93.7777, 112.944, 120.949, 175.802, 185.641, 0.067, 0.493, 0.067, 0.493, 0.933, 2.007, 0.927, 2.020, 3.340, 4.227, 3.333, 4.240, 5.760, 6.573, 5.760, 6.587, 7.24, 8.02, 6.39, 5.40, 0.003202, 0.057319, 0.002165, 0.035588, 0.0000 
24, 9516,  9-27-2015,  2:19:38, -39.49, -58.24, -44.39, -47.68, -39.88, -58.64, -44.78, -48.08, 2.15134e-08, 2.32205e-10, 1.74074e-08, 1.84218e-10, 1.81415e-08, 1.9481e-10, 2.38314e-08, 2.55028e-10, 118.875, 139.213, 85.6086, 92.8862, 114.936, 120.887, 174.73, 183.43, 0.073, 0.493, 0.073, 0.493, 0.913, 2.000, 0.907, 2.013, 3.340, 4.227, 3.333, 4.240, 5.767, 6.573, 5.760, 6.593, 7.22, 8.11, 6.30, 5.44, 0.016394, 0.069961, 0.014307, 0.185983, 0.0000 
25, 9517,  9-27-2015,  2:34:41, -39.50, -58.52, -43.90, -47.83, -39.88, -58.91, -44.28, -48.22, 2.15277e-08, 2.32357e-10, 1.73565e-08, 1.83624e-10, 1.81598e-08, 1.95107e-10, 2.38217e-08, 2.54885e-10, 119.134, 139.557, 85.503, 92.9386, 114.953, 121.972, 174.257, 184.729, 0.067, 0.487, 0.067, 0.487, 0.920, 2.000, 0.907, 2.013, 3.340, 4.227, 3.333, 4.240, 5.767, 6.573, 5.760, 6.587, 7.21, 8.10, 6.30, 5.45, 0.007790, 0.015700, 0.008197, 0.080253, 0.0000 
26, 9518,  9-27-2015,  2:49:44, -39.50, -59.13, -43.35, -47.86, -39.88, -59.50, -43.73, -48.23, 2.15899e-08, 2.33026e-10, 1.74057e-08, 1.84027e-10, 1.8166e-08, 1.95285e-10, 2.38242e-08, 2.54905e-10, 118.924, 139.334, 85.7546, 93.3424, 114.298, 121.384, 176.361, 185.226, 0.067, 0.493, 0.067, 0.493, 0.913, 1.993, 0.900, 2.007, 3.333, 4.220, 3.333, 4.240, 5.760, 6.573, 5.760, 6.587, 7.24, 8.10, 6.34, 5.39, 0.005214, 0.204945, 0.003269, 0.146421, 0.0000 
27, 9519,  9-27-2015,  3: 4:47, -39.42, -58.15, -43.31, -47.83, -39.88, -58.61, -43.76, -48.29, 2.16047e-08, 2.33206e-10, 1.73027e-08, 1.83128e-10, 1.81655e-08, 1.9529e-10, 2.38161e-08, 2.54824e-10, 119.105, 139.503, 85.4313, 92.667, 115.845, 121.836, 176.853, 185.978, 0.067, 0.493, 0.067, 0.493, 0.913, 1.987, 0.900, 2.007, 3.340, 4.220, 3.333, 4.240, 5.767, 6.580, 5.767, 6.593, 7.24, 8.08, 6.26, 5.37, 0.002179, 0.036749, 0.006745, 0.036225, 0.0000 
28, 9520,  9-27-2015,  3:19:49, -39.42, -59.05, -43.93, -48.15, -39.88, -59.51, -44.39, -48.61, 2.15993e-08, 2.33149e-10, 1.74071e-08, 1.84057e-10, 1.8106e-08, 1.94523e-10, 2.38021e-08, 2.54591e-10, 119.1, 139.516, 86.6195, 93.7475, 115.252, 122.478, 175.094, 185.492, 0.067, 0.493, 0.067, 0.493, 0.927, 2.000, 0.920, 2.013, 3.340, 4.227, 3.333, 4.240, 5.767, 6.573, 5.760, 6.587, 7.23, 8.02, 6.27, 5.42, 0.002739, 0.016155, 0.005449, 0.016500, 0.0000 
29, 9521,  9-27-2015,  3:34:51, -39.30, -58.33, -44.03, -47.29, -39.88, -58.92, -44.61, -47.88, 2.16009e-08, 2.33195e-10, 1.72617e-08, 1.82658e-10, 1.8112e-08, 1.94567e-10, 2.3687e-08, 2.53587e-10, 119.057, 139.509, 86.1971, 93.4385, 116.924, 122.941, 171.821, 183.951, 0.067, 0.493, 0.067, 0.493, 0.933, 2.000, 0.927, 2.020, 3.340, 4.227, 3.333, 4.240, 5.760, 6.567, 5.760, 6.587, 7.24, 7.99, 6.18, 5.50, 0.005717, 0.098116, 0.005494, 0.059791, 0.0000 
30, 9522,  9-27-2015,  3:49:53, -39.33, -58.88, -43.60, -47.64, -39.88, -59.43, -44.15, -48.19, 2.16339e-08, 2.33543e-10, 1.73177e-08, 1.83145e-10, 1.81409e-08, 1.94965e-10, 2.38366e-08, 2.55095e-10, 119.343, 139.829, 86.294, 93.4641, 115.741, 121.933, 175.166, 184.097, 0.067, 0.487, 0.067, 0.487, 0.927, 2.000, 0.920, 2.013, 3.333, 4.220, 3.333, 4.240, 5.760, 6.573, 5.760, 6.587, 7.23, 8.01, 6.25, 5.43, 0.006690, 0.026674, 0.007583, 0.062468, 0.0000 
31, 9523,  9-27-2015,  4: 4:55, -39.25, -57.75, -43.51, -47.77, -39.88, -58.38, -44.14, -48.41, 2.16351e-08, 2.33576e-10, 1.72634e-08, 1.82789e-10, 1.81239e-08, 1.94801e-10, 2.38131e-08, 2.54808e-10, 119.213, 139.642, 85.8524, 93.1618, 116.439, 121.58, 178.241, 186.399, 0.067, 0.493, 0.067, 0.493, 0.933, 2.000, 0.920, 2.020, 3.333, 4.220, 3.333, 4.240, 5.767, 6.573, 5.760, 6.587, 7.24, 8.02, 6.21, 5.33, 0.008074, 0.051218, 0.007327, 0.118151, 0.0000 
32, 9524,  9-27-2015,  4:19:58, -39.51, -58.97, -43.34, -47.66, -39.88, -59.34, -43.71, -48.02, 2.15981e-08, 2.33113e-10, 1.7316e-08, 1.83109e-10, 1.81807e-08, 1.95445e-10, 2.37756e-08, 2.54439e-10, 119.072, 139.455, 85.5554, 92.8695, 116.59, 122.587, 176.842, 186.82, 0.067, 0.493, 0.067, 0.493, 0.920, 2.000, 0.913, 2.013, 3.333, 4.220, 3.333, 4.240, 5.767, 6.573, 5.760, 6.593, 7.24, 8.07, 6.22, 5.36, 0.006519, 0.136611, 0.012070, 0.079149, 0.0000 
33, 9525,  9-27-2015,  4:35: 0, -39.40, -58.53, -44.21, -47.60, -39.88, -59.01, -44.69, -48.09, 2.1498e-08, 2.3206e-10, 1.72943e-08, 1.82965e-10, 1.8139e-08, 1.9482e-10, 2.37658e-08, 2.54348e-10, 118.388, 138.67, 85.7532, 92.9469, 115.553, 121.453, 172.845, 185.401, 0.067, 0.493, 0.067, 0.493, 0.933, 2.007, 0.927, 2.027, 3.333, 4.227, 3.333, 4.240, 5.760, 6.573, 5.760, 6.593, 7.24, 8.05, 6.26, 5.49, 0.007714, 0.052614, 0.005937, 0.061790, 0.0000 
34, 9526,  9-27-2015,  4:50: 3, -39.41, -58.93, -43.48, -47.83, -39.88, -59.40, -43.95, -48.29, 2.15549e-08, 2.32671e-10, 1.72917e-08, 1.82859e-10, 1.81648e-08, 1.95246e-10, 2.38126e-08, 2.5479e-10, 118.78, 139.194, 85.0999, 92.7344, 113.881, 121.162, 174.56, 185.333, 0.067, 0.493, 0.067, 0.493, 0.927, 2.000, 0.920, 2.013, 3.340, 4.227, 3.333, 4.247, 5.760, 6.573, 5.760, 6.587, 7.24, 8.11, 6.36, 5.44, 0.002487, 0.040728, 0.005148, 0.138097, 0.0000 
35, 9527,  9-27-2015,  5: 5: 6, -39.43, -58.70, -43.96, -47.24, -39.88, -59.14, -44.41, -47.68, 2.16265e-08, 2.33439e-10, 1.73338e-08, 1.8335e-10, 1.82e-08, 1.95525e-10, 2.38434e-08, 2.55277e-10, 119.202, 139.707, 85.1724, 92.4681, 114.95, 122.407, 174.434, 184.306, 0.067, 0.487, 0.067, 0.487, 0.920, 2.000, 0.913, 2.013, 3.333, 4.220, 3.333, 4.233, 5.760, 6.573, 5.760, 6.593, 7.24, 8.12, 6.32, 5.45, 0.006442, 0.079873, 0.004717, 0.030356, 0.0000 
36, 9528,  9-27-2015,  5:20: 8, -39.49, -58.41, -43.49, -47.79, -39.88, -58.80, -43.89, -48.18, 2.16076e-08, 2.33222e-10, 1.72618e-08, 1.82645e-10, 1.81235e-08, 1.948e-10, 2.38702e-08, 2.55416e-10, 119.198, 139.642, 85.9094, 93.0644, 115.662, 122.199, 175.207, 185.261, 0.067, 0.493, 0.067, 0.493, 0.933, 2.007, 0.927, 2.020, 3.333, 4.220, 3.327, 4.240, 5.760, 6.573, 5.753, 6.587, 7.23, 8.02, 6.25, 5.44, 0.015264, 0.066586, 0.003112, 0.028692, 0.0000 
37, 9529,  9-27-2015,  5:35:11, -39.41, -59.15, -44.22, -47.66, -39.88, -59.62, -44.69, -48.13, 2.1555e-08, 2.32672e-10, 1.72898e-08, 1.82797e-10, 1.81812e-08, 1.95271e-10, 2.37926e-08, 2.54619e-10, 118.878, 139.269, 85.4118, 92.6863, 114.79, 121.776, 178.334, 187.675, 0.067, 0.493, 0.067, 0.493, 0.920, 2.000, 0.913, 2.007, 3.340, 4.227, 3.333, 4.233, 5.767, 6.573, 5.767, 6.587, 7.23, 8.08, 6.32, 5.32, 0.011300, 0.103019, 0.014771, 0.137012, 0.0000 
38, 9530,  9-27-2015,  5:50:14, -39.38, -58.25, -43.97, -47.68, -39.88, -58.75, -44.47, -48.18, 2.17666e-08, 2.34964e-10, 1.7293e-08, 1.83007e-10, 1.81968e-08, 1.9549e-10, 2.38294e-08, 2.55009e-10, 119.375, 139.802, 84.7358, 92.0706, 117.051, 123.251, 173.112, 184.708, 0.067, 0.493, 0.067, 0.493, 0.920, 1.993, 0.907, 2.013, 3.333, 4.220, 3.333, 4.233, 5.760, 6.573, 5.760, 6.587, 7.27, 8.14, 6.20, 5.49, 0.007697, 0.048330, 0.006103, 0.023521, 0.0000 
39, 9531,  9-27-2015,  6: 5:17, -39.40, -58.75, -43.96, -47.47, -39.88, -59.23, -44.44, -47.94, 2.16125e-08, 2.33294e-10, 1.72736e-08, 1.82702e-10, 1.81976e-08, 1.95501e-10, 2.38684e-08, 2.55483e-10, 119.213, 139.623, 85.3555, 92.4378, 117.332, 122.584, 173.399, 183.568, 0.067, 0.487, 0.067, 0.493, 0.920, 1.993, 0.907, 2.007, 3.333, 4.220, 3.333, 4.233, 5.760, 6.573, 5.760, 6.587, 7.23, 8.07, 6.19, 5.49, 0.006021, 0.073556, 0.006442, 0.086347, 0.0000 
40, 9532,  9-27-2015,  6:20:19, -39.31, -58.84, -44.06, -47.52, -39.88, -59.41, -44.63, -48.10, 2.15891e-08, 2.33065e-10, 1.72699e-08, 1.82646e-10, 1.81387e-08, 1.94848e-10, 2.38147e-08, 2.54893e-10, 118.904, 139.324, 85.8275, 92.9551, 116.517, 122.984, 177.262, 186.149, 0.073, 0.493, 0.073, 0.493, 0.940, 2.013, 0.933, 2.027, 3.340, 4.227, 3.333, 4.240, 5.767, 6.573, 5.767, 6.587, 7.24, 8.03, 6.21, 5.36, 0.004763, 0.150038, 0.005761, 0.153332, 0.0000 
41, 9533,  9-27-2015,  6:35:22, -39.32, -58.07, -44.66, -47.29, -39.88, -58.62, -45.22, -47.84, 2.1576e-08, 2.3292e-10, 1.73538e-08, 1.83684e-10, 1.82215e-08, 1.95613e-10, 2.38231e-08, 2.55046e-10, 118.917, 139.414, 85.6017, 92.9599, 115.076, 120.36, 176.953, 186.659, 0.067, 0.487, 0.067, 0.487, 0.913, 1.993, 0.907, 2.013, 3.333, 4.227, 3.327, 4.233, 5.760, 6.567, 5.753, 6.587, 7.24, 8.09, 6.32, 5.37, 0.004848, 0.023521, 0.005244, 0.053649, 0.0000 
42, 9534,  9-27-2015,  6:50:24, -39.31, -58.89, -43.49, -47.44, -39.88, -59.45, -44.06, -48.01, 2.17222e-08, 2.345e-10, 1.72889e-08, 1.82839e-10, 1.81356e-08, 1.94929e-10, 2.38444e-08, 2.55232e-10, 119.304, 139.774, 86.3049, 93.2837, 113.887, 121.833, 174.744, 185.53, 0.067, 0.493, 0.067, 0.493, 0.940, 2.013, 0.933, 2.027, 3.340, 4.220, 3.333, 4.240, 5.760, 6.573, 5.760, 6.593, 7.26, 7.99, 6.35, 5.44, 0.003674, 0.135972, 0.003536, 0.120467, 0.0000 
43, 9535,  9-27-2015,  7: 5:27, -39.45, -58.18, -44.06, -47.20, -39.88, -58.61, -44.50, -47.63, 2.15582e-08, 2.32697e-10, 1.73202e-08, 1.83308e-10, 1.81891e-08, 1.95388e-10, 2.38573e-08, 2.55435e-10, 118.815, 139.141, 85.4728, 92.831, 114.008, 121.955, 177.427, 187.119, 0.067, 0.493, 0.067, 0.493, 0.920, 2.000, 0.913, 2.020, 3.340, 4.227, 3.333, 4.240, 5.767, 6.573, 5.760, 6.593, 7.24, 8.08, 6.36, 5.36, 0.001785, 0.044111, 0.006759, 0.046203, 0.0000 
44, 9536,  9-27-2015,  7:20:29, -39.32, -58.27, -43.86, -47.46, -39.88, -58.83, -44.43, -48.03, 2.16146e-08, 2.33338e-10, 1.72779e-08, 1.82842e-10, 1.81608e-08, 1.95125e-10, 2.38672e-08, 2.55471e-10, 118.684, 139.056, 85.7349, 92.7657, 115.503, 122.18, 174.323, 185.317, 0.067, 0.493, 0.067, 0.493, 0.933, 2.000, 0.927, 2.020, 3.333, 4.227, 3.333, 4.240, 5.767, 6.580, 5.760, 6.593, 7.27, 8.04, 6.27, 5.46, 0.003269, 0.107037, 0.004206, 0.028557, 0.0000 
45, 9537,  9-27-2015,  7:35:32, -39.30, -58.50, -43.96, -47.28, -39.88, -59.07, -44.54, -47.86, 2.14655e-08, 2.31732e-10, 1.72568e-08, 1.82575e-10, 1.82028e-08, 1.95557e-10, 2.37873e-08, 2.54664e-10, 119.054, 139.454, 85.3924, 92.4643, 115.204, 121.47, 175.364, 185.354, 0.073, 0.493, 0.073, 0.493, 0.913, 1.993, 0.907, 2.007, 3.340, 4.227, 3.333, 4.240, 5.760, 6.573, 5.760, 6.593, 7.19, 8.06, 6.30, 5.41, 0.006495, 0.035472, 0.007762, 0.033113, 0.0000 
46, 9538,  9-27-2015,  7:50:34, -39.12, -58.38, -43.96, -47.26, -39.88, -59.14, -44.73, -48.03, 2.14929e-08, 2.32073e-10, 1.72928e-08, 1.82978e-10, 1.81415e-08, 1.94897e-10, 2.38621e-08, 2.55471e-10, 119.25, 139.722, 85.9283, 93.0446, 114.734, 121.774, 178.141, 186.789, 0.067, 0.487, 0.067, 0.487, 0.940, 2.007, 0.927, 2.020, 3.340, 4.220, 3.333, 4.233, 5.767, 6.573, 5.760, 6.593, 7.19, 8.03, 6.31, 5.34, 0.003031, 0.012787, 0.007399, 0.051315, 0.0000 
47, 9539,  9-27-2015,  8: 5:37, -39.14, -57.28, -44.02, -47.63, -39.88, -58.02, -44.76, -48.37, 2.16559e-08, 2.33827e-10, 1.73303e-08, 1.8359e-10, 1.82065e-08, 1.95584e-10, 2.38658e-08, 2.55411e-10, 119.262, 139.802, 85.978, 93.174, 116.086, 121.746, 175.291, 184.754, 0.067, 0.487, 0.067, 0.487, 0.927, 2.000, 0.913, 2.020, 3.333, 4.220, 3.333, 4.233, 5.760, 6.573, 5.760, 6.587, 7.24, 8.04, 6.26, 5.43, 0.003491, 0.070567, 0.006801, 0.030108, 0.0000 
48, 9540,  9-27-2015,  8:20:39, -39.37, -57.98, -43.62, -47.97, -39.88, -58.49, -44.13, -48.48, 2.16214e-08, 2.33399e-10, 1.73057e-08, 1.83192e-10, 1.8165e-08, 1.95221e-10, 2.38853e-08, 2.55528e-10, 119.258, 139.729, 85.906, 93.1785, 116.561, 123.067, 175.926, 185.955, 0.073, 0.493, 0.067, 0.493, 0.933, 2.007, 0.927, 2.027, 3.340, 4.227, 3.333, 4.240, 5.760, 6.580, 5.760, 6.587, 7.23, 8.04, 6.22, 5.42, 0.009097, 0.044198, 0.010709, 0.046763, 0.0000 
49, 9541,  9-27-2015,  8:35:42, -39.15, -57.94, -43.94, -47.24, -39.88, -58.67, -44.67, -47.97, 2.15175e-08, 2.32331e-10, 1.74014e-08, 1.84213e-10, 1.82345e-08, 1.95902e-10, 2.39071e-08, 2.55958e-10, 118.688, 139.045, 85.8845, 93.2114, 116.136, 121.956, 174.529, 184.877, 0.067, 0.493, 0.067, 0.493, 0.920, 2.000, 0.913, 2.020, 3.340, 4.227, 3.333, 4.240, 5.760, 6.573, 5.760, 6.593, 7.23, 8.08, 6.26, 5.46, 0.008860, 0.110603, 0.005788, 0.030582, 0.0000 
50, 9542,  9-27-2015,  8:50:45, -39.32, -58.10, -43.76, -47.08, -39.88, -58.66, -44.32, -47.63, 2.15416e-08, 2.32548e-10, 1.73658e-08, 1.83806e-10, 1.82159e-08, 1.95738e-10, 2.3875e-08, 2.55658e-10, 119.093, 139.494, 86.0513, 92.9122, 115.633, 122.122, 174.528, 185.782, 0.067, 0.493, 0.067, 0.493, 0.927, 2.007, 0.920, 2.020, 3.340, 4.227, 3.333, 4.240, 5.760, 6.573, 5.760, 6.593, 7.22, 8.05, 6.28, 5.46, 0.002681, 0.061792, 0.005788, 0.012500, 0.0000 
51, 9543,  9-27-2015,  9: 5:48, -39.18, -58.47, -43.93, -47.85, -39.88, -59.16, -44.63, -48.54, 2.17428e-08, 2.34755e-10, 1.73696e-08, 1.83774e-10, 1.82243e-08, 1.95794e-10, 2.38935e-08, 2.5565e-10, 119.55, 140.097, 86.0343, 93.422, 113.906, 121.445, 176.347, 184.732, 0.067, 0.487, 0.060, 0.487, 0.920, 1.993, 0.913, 2.013, 3.333, 4.220, 3.327, 4.233, 5.760, 6.573, 5.753, 6.587, 7.26, 8.05, 6.38, 5.41, 0.006796, 0.042776, 0.007949, 0.033819, 0.0000 
52, 9544,  9-27-2015,  9:20:50, -39.15, -58.67, -43.57, -47.47, -39.88, -59.40, -44.30, -48.20, 2.14817e-08, 2.31944e-10, 1.72949e-08, 1.82945e-10, 1.81774e-08, 1.95363e-10, 2.38997e-08, 2.55816e-10, 119.241, 139.648, 86.2594, 93.2911, 117.521, 122.755, 176.321, 186.407, 0.067, 0.487, 0.067, 0.487, 0.947, 2.013, 0.933, 2.027, 3.340, 4.220, 3.333, 4.233, 5.760, 6.573, 5.760, 6.587, 7.19, 8.00, 6.17, 5.41, 0.005717, 0.212215, 0.004848, 0.042305, 0.0000 
53, 9545,  9-27-2015,  9:35:52, -39.26, -58.44, -43.82, -47.36, -39.88, -59.07, -44.44, -47.99, 2.16875e-08, 2.3414e-10, 1.73034e-08, 1.83079e-10, 1.81707e-08, 1.9524e-10, 2.38932e-08, 2.55776e-10, 119.489, 139.984, 86.7391, 93.683, 115.631, 122.632, 175.21, 186.451, 0.067, 0.493, 0.067, 0.493, 0.947, 2.013, 0.933, 2.027, 3.333, 4.220, 3.333, 4.233, 5.760, 6.573, 5.760, 6.587, 7.24, 7.96, 6.27, 5.44, 0.005612, 0.022096, 0.007854, 0.043575, 0.0000 
54, 9546,  9-27-2015,  9:50:54, -39.38, -57.90, -44.25, -47.17, -39.88, -58.40, -44.75, -47.67, 2.16608e-08, 2.33822e-10, 1.7302e-08, 1.83169e-10, 1.819e-08, 1.9536e-10, 2.39372e-08, 2.56301e-10, 119.453, 139.955, 86.2916, 93.4872, 117.327, 123.056, 176.474, 186.784, 0.067, 0.487, 0.067, 0.487, 0.940, 2.007, 0.933, 2.027, 3.340, 4.227, 3.333, 4.233, 5.760, 6.573, 5.760, 6.593, 7.23, 8.00, 6.19, 5.41, 0.007293, 0.068584, 0.008105, 0.026613, 0.0000 
55, 9547,  9-27-2015, 10: 5:56, -39.29, -58.55, -44.13, -47.22, -39.88, -59.14, -44.71, -47.81, 2.16241e-08, 2.33447e-10, 1.73444e-08, 1.83491e-10, 1.81873e-08, 1.95357e-10, 2.38731e-08, 2.55599e-10, 119.229, 139.673, 86.1348, 93.4199, 115.317, 121.809, 176.801, 186.922, 0.067, 0.493, 0.067, 0.493, 0.933, 2.007, 0.927, 2.020, 3.333, 4.227, 3.333, 4.240, 5.767, 6.573, 5.760, 6.593, 7.24, 8.03, 6.29, 5.39, 0.008602, 0.035128, 0.004085, 0.029466, 0.0000 
56, 9548,  9-27-2015, 10:20:59, -39.34, -58.72, -43.84, -47.67, -39.88, -59.26, -44.37, -48.20, 2.16047e-08, 2.33225e-10, 1.74102e-08, 1.84153e-10, 1.82106e-08, 1.95665e-10, 2.39108e-08, 2.55883e-10, 118.848, 139.173, 85.7127, 92.962, 116.546, 120.923, 175.507, 186.339, 0.067, 0.487, 0.067, 0.487, 0.907, 1.993, 0.900, 2.007, 3.333, 4.227, 3.327, 4.240, 5.760, 6.573, 5.760, 6.587, 7.25, 8.10, 6.23, 5.44, 0.006139, 0.211131, 0.005629, 0.029351, 0.0000 
57, 9549,  9-27-2015, 10:36: 2, -39.15, -58.67, -43.47, -47.19, -39.88, -59.40, -44.21, -47.92, 2.16754e-08, 2.34036e-10, 1.74173e-08, 1.84239e-10, 1.81921e-08, 1.95541e-10, 2.38923e-08, 2.55814e-10, 119.536, 140.05, 85.9515, 93.3261, 115.29, 121.825, 178.758, 186.168, 0.067, 0.493, 0.067, 0.493, 0.913, 1.993, 0.907, 2.007, 3.340, 4.227, 3.333, 4.240, 5.767, 6.573, 5.760, 6.593, 7.23, 8.08, 6.30, 5.33, 0.004123, 0.114684, 0.006016, 0.015516, 0.0000 
58, 9550,  9-27-2015, 10:51: 4, -39.26, -57.81, -43.63, -47.20, -39.88, -58.43, -44.25, -47.82, 2.16438e-08, 2.33667e-10, 1.73693e-08, 1.839e-10, 1.81663e-08, 1.95231e-10, 2.38768e-08, 2.55643e-10, 119.469, 139.934, 86.6922, 93.9272, 115.922, 122.104, 179.872, 186.593, 0.067, 0.493, 0.067, 0.493, 0.933, 2.000, 0.920, 2.020, 3.340, 4.227, 3.333, 4.240, 5.767, 6.580, 5.767, 6.593, 7.23, 7.99, 6.25, 5.30, 0.006819, 0.021243, 0.008602, 0.034238, 0.0000 
59, 9551,  9-27-2015, 11: 6: 6, -39.16, -57.86, -43.74, -47.23, -39.88, -58.59, -44.46, -47.96, 2.14851e-08, 2.31979e-10, 1.73451e-08, 1.83633e-10, 1.81271e-08, 1.94788e-10, 2.39207e-08, 2.56105e-10, 119.082, 139.599, 87.0157, 94.0876, 116.336, 121.715, 175.688, 185.977, 0.073, 0.493, 0.073, 0.493, 0.947, 2.013, 0.940, 2.033, 3.340, 4.227, 3.340, 4.240, 5.767, 6.580, 5.767, 6.593, 7.20, 7.95, 6.22, 5.43, 0.006978, 0.024515, 0.007500, 0.022198, 0.0000 
60, 9552,  9-27-2015, 11:21: 8, -39.13, -58.52, -43.31, -47.35, -39.88, -59.27, -44.06, -48.11, 2.15882e-08, 2.331e-10, 1.74526e-08, 1.84642e-10, 1.81503e-08, 1.95125e-10, 2.38984e-08, 2.55835e-10, 119.469, 140.013, 86.9315, 94.1426, 116.403, 123.087, 177.38, 186.06, 0.067, 0.487, 0.067, 0.487, 0.920, 2.000, 0.913, 2.013, 3.340, 4.220, 3.340, 4.240, 5.767, 6.580, 5.767, 6.593, 7.21, 8.01, 6.22, 5.37, 0.003269, 0.018426, 0.008078, 0.081208, 0.0000 
61, 9553,  9-27-2015, 11:36:10, -39.25, -58.73, -43.67, -47.38, -39.88, -59.36, -44.30, -48.01, 2.16283e-08, 2.33502e-10, 1.73851e-08, 1.83887e-10, 1.81384e-08, 1.94924e-10, 2.38351e-08, 2.55149e-10, 119.098, 139.542, 86.6504, 93.6728, 114.374, 121.215, 175.848, 185.881, 0.067, 0.493, 0.067, 0.493, 0.940, 2.013, 0.927, 2.020, 3.340, 4.227, 3.333, 4.240, 5.773, 6.580, 5.767, 6.593, 7.24, 8.00, 6.33, 5.41, 0.010183, 0.094259, 0.007382, 0.038298, 0.0000 
62, 9554,  9-27-2015, 11:51:13, -39.05, -58.34, -43.90, -47.42, -39.88, -59.17, -44.73, -48.26, 2.16171e-08, 2.3343e-10, 1.74294e-08, 1.84431e-10, 1.81721e-08, 1.9524e-10, 2.38444e-08, 2.55238e-10, 119.167, 139.657, 85.4918, 92.9609, 115.448, 122.728, 177.575, 186.56, 0.067, 0.493, 0.067, 0.493, 0.913, 1.993, 0.900, 2.007, 3.340, 4.227, 3.340, 4.233, 5.767, 6.573, 5.767, 6.587, 7.24, 8.13, 6.28, 5.36, 0.010259, 0.069982, 0.004763, 0.042229, 0.0000 
63, 9555,  9-27-2015, 12: 6:16, -39.15, -58.87, -43.76, -46.48, -39.88, -59.60, -44.49, -47.21, 2.17179e-08, 2.34494e-10, 1.74947e-08, 1.85017e-10, 1.81622e-08, 1.9516e-10, 2.38365e-08, 2.55406e-10, 119.767, 140.348, 86.3114, 93.4666, 115.096, 122.619, 179.37, 186.93, 0.067, 0.493, 0.067, 0.493, 0.907, 1.987, 0.900, 1.993, 3.340, 4.227, 3.333, 4.240, 5.773, 6.573, 5.767, 6.600, 7.23, 8.09, 6.30, 5.30, 0.009364, 0.016378, 0.006403, 0.029449, 0.0000 
64, 9556,  9-27-2015, 12:21:18, -39.17, -58.87, -43.71, -46.92, -39.88, -59.58, -44.43, -47.63, 2.16971e-08, 2.34265e-10, 1.74944e-08, 1.85015e-10, 1.80799e-08, 1.94287e-10, 2.38422e-08, 2.5535e-10, 119.522, 140.014, 86.4998, 93.9569, 115.724, 122.002, 176.929, 185.941, 0.067, 0.493, 0.067, 0.493, 0.920, 2.000, 0.913, 2.013, 3.340, 4.227, 3.340, 4.240, 5.767, 6.573, 5.767, 6.593, 7.24, 8.07, 6.23, 5.38, 0.002385, 0.138317, 0.006379, 0.020476, 0.0000 
65, 9557,  9-27-2015, 12:36:20, -39.32, -58.31, -43.75, -46.83, -39.88, -58.88, -44.31, -47.39, 2.17642e-08, 2.34952e-10, 1.75135e-08, 1.85327e-10, 1.81109e-08, 1.94612e-10, 2.37119e-08, 2.53977e-10, 119.888, 140.416, 86.5702, 94.0594, 116.176, 122.416, 176.937, 185.069, 0.067, 0.493, 0.067, 0.493, 0.907, 1.987, 0.900, 2.000, 3.340, 4.227, 3.340, 4.240, 5.767, 6.573, 5.767, 6.593, 7.24, 8.07, 6.22, 5.35, 0.004763, 0.086283, 0.000433, 0.041851, 0.0000 
66, 9558,  9-27-2015, 12:51:22, -39.12, -57.98, -43.32, -47.39, -39.88, -58.73, -44.08, -48.15, 2.1758e-08, 2.34934e-10, 1.75343e-08, 1.85613e-10, 1.80876e-08, 1.94449e-10, 2.37973e-08, 2.54742e-10, 119.862, 140.511, 86.7546, 94.1703, 115.674, 121.838, 176.568, 186.617, 0.067, 0.493, 0.067, 0.493, 0.913, 1.993, 0.907, 2.007, 3.340, 4.220, 3.340, 4.240, 5.773, 6.580, 5.773, 6.593, 7.24, 8.06, 6.24, 5.38, 0.006379, 0.021360, 0.005523, 0.018828, 0.0000 
67, 9559,  9-27-2015, 13: 6:24, -39.22, -57.97, -43.64, -46.84, -39.88, -58.63, -44.30, -47.50, 2.17927e-08, 2.35283e-10, 1.75107e-08, 1.85365e-10, 1.80465e-08, 1.93942e-10, 2.37341e-08, 2.54211e-10, 119.686, 140.251, 86.7283, 94.1586, 115.313, 121.89, 173.689, 185.101, 0.060, 0.487, 0.060, 0.487, 0.900, 1.980, 0.893, 2.000, 3.340, 4.227, 3.333, 4.240, 5.773, 6.573, 5.767, 6.593, 7.26, 8.05, 6.24, 5.45, 0.009756, 0.158930, 0.004969, 0.067630, 0.0000 
68, 9560,  9-27-2015, 13:21:26, -39.14, -57.75, -43.65, -46.93, -39.88, -58.49, -44.38, -47.66, 2.16931e-08, 2.34228e-10, 1.75275e-08, 1.85586e-10, 1.80493e-08, 1.93971e-10, 2.37415e-08, 2.54269e-10, 119.483, 139.989, 86.7804, 94.2271, 116.07, 122.294, 179.685, 185.841, 0.067, 0.493, 0.067, 0.487, 0.900, 1.987, 0.893, 2.007, 3.340, 4.227, 3.340, 4.240, 5.767, 6.573, 5.767, 6.593, 7.24, 8.06, 6.20, 5.27, 0.001871, 0.094934, 0.002773, 0.098189, 0.0000 
69, 9561,  9-27-2015, 13:36:28, -39.10, -57.96, -43.51, -46.69, -39.88, -58.74, -44.29, -47.47, 2.17932e-08, 2.3532e-10, 1.75513e-08, 1.85796e-10, 1.80402e-08, 1.93901e-10, 2.36185e-08, 2.53014e-10, 119.873, 140.477, 87.5086, 94.8016, 114.882, 121.748, 176.763, 185.927, 0.067, 0.493, 0.067, 0.493, 0.927, 2.000, 0.920, 2.013, 3.340, 4.227, 3.340, 4.240, 5.773, 6.573, 5.773, 6.593, 7.25, 8.00, 6.26, 5.33, 0.006495, 0.044769, 0.007697, 0.052545, 0.0000 
70, 9562,  9-27-2015, 13:51:30, -39.01, -58.63, -43.62, -47.03, -39.88, -59.50, -44.49, -47.89, 2.15665e-08, 2.32892e-10, 1.74965e-08, 1.85085e-10, 1.80022e-08, 1.9347e-10, 2.37126e-08, 2.53933e-10, 119.262, 139.795, 86.2611, 93.7143, 113.702, 121.654, 181.134, 186.701, 0.067, 0.487, 0.067, 0.487, 0.907, 1.987, 0.900, 2.000, 3.340, 4.220, 3.340, 4.233, 5.773, 6.573, 5.773, 6.587, 7.21, 8.09, 6.32, 5.22, 0.003082, 0.038736, 0.008573, 0.083033, 0.0000 
71, 9563,  9-27-2015, 14: 6:32, -38.94, -58.67, -43.49, -47.46, -39.88, -59.61, -44.43, -48.40, 2.16267e-08, 2.33559e-10, 1.74733e-08, 1.8483e-10, 1.80213e-08, 1.93701e-10, 2.36994e-08, 2.53675e-10, 119.326, 139.817, 86.5994, 94.078, 115.342, 122.356, 172.111, 183.069, 0.067, 0.493, 0.067, 0.493, 0.920, 1.993, 0.913, 2.007, 3.340, 4.227, 3.340, 4.240, 5.767, 6.573, 5.767, 6.587, 7.23, 8.05, 6.23, 5.49, 0.004610, 0.027848, 0.002586, 0.045092, 0.0000 
72, 9564,  9-27-2015, 14:21:34, -39.00, -58.49, -43.90, -46.97, -39.88, -59.38, -44.79, -47.85, 2.15223e-08, 2.32419e-10, 1.75646e-08, 1.85832e-10, 1.80232e-08, 1.93639e-10, 2.36937e-08, 2.53746e-10, 119.436, 139.906, 87.4278, 94.7442, 114.899, 122.297, 180.408, 186.318, 0.067, 0.487, 0.067, 0.487, 0.913, 1.993, 0.900, 2.007, 3.340, 4.220, 3.340, 4.233, 5.773, 6.573, 5.773, 6.593, 7.19, 8.01, 6.26, 5.24, 0.003775, 0.377032, 0.008105, 0.244552, 0.0000 


Average:,,,, -39.40, -58.53, -43.96, -47.56, -39.88, -59.01, -44.44, -48.04, 2.16045e-08, 2.33209e-10, 1.74033e-08, 1.84118e-10, 1.81263e-08, 1.94734e-10, 2.38095e-08, 2.54827e-10, 119.149, 139.582, 86.2169, 93.4903, 115.461, 121.878, 176.079, 185.595, 0.068, 0.492, 0.067, 0.491, 0.922, 1.998, 0.913, 2.014, 3.338, 4.224, 3.334, 4.238, 5.765, 6.574, 5.763, 6.590,,,,, 0.005757, 0.081470, 0.006190, 0.059882, 0.0000

STD:,,,, 0.2343, 0.4467, 0.3781, 0.4001, 0.0000, 0.4074, 0.2923, 0.2843, 8.18466e-11, 8.96681e-13, 9.64115e-11, 1.00932e-12, 5.96435e-11, 6.60877e-13, 6.98726e-11, 7.59781e-13, 0.316754, 0.382453, 0.588196, 0.580604, 1.01992, 0.687082, 2.04521, 0.999433, 0.0026, 0.0031, 0.0026, 0.0032, 0.0116, 0.0080, 0.0117, 0.0081, 0.0030, 0.0033, 0.0031, 0.0034, 0.0043, 0.0029, 0.0044, 0.0038

Range:,,,, 0.96, 2.26, 1.48, 1.91, 0.00, 1.78, 1.51, 1.41, 3.53532e-10, 3.95841e-12, 3.55083e-10, 3.64314e-12, 2.32269e-10, 2.63311e-12, 3.61167e-10, 4.0762e-12, 1.49986, 1.84133, 2.90011, 2.74246, 4.58487, 3.19331, 9.3133, 4.74752, 0.013, 0.013, 0.013, 0.013, 0.047, 0.033, 0.053, 0.040, 0.007, 0.007, 0.013, 0.013, 0.013, 0.013, 0.020, 0.013,,,,, 0.015304, 0.366615, 0.014338, 0.239237, 0.0000
